<!DOCTYPE html>
<html lang="en">

<head>

  <meta charset="UTF-8">
  <meta name="viewport" content="width=device-width, initial-scale=1.0">
  <meta http-equiv="X-UA-Compatible" content="ie=edge">
  <title>Catch&Trade</title>
  <link rel="stylesheet" href="style.css">
  <link rel="stylesheet" href="onepage-scroll.css" />
</head>

<body>
  <div id="app">

    <div class="container">

      <div class="page section">
        <header>

          <div class="logo">
            <svg width="168" height="21" viewBox="0 0 168 21" fill="none" xmlns="http://www.w3.org/2000/svg">
              <path d="M15.1554 1.82363H15.5062C15.401 4.17208 15.4572 6.52497 15.6746 8.86571L15.3659 8.89377L14.2152 6.83165C13.9813 6.42717 13.6679 5.8941 13.275 5.23245C12.9955 4.73973 12.6764 4.27058 12.3207 3.82964C12.0417 3.52429 11.7466 3.23397 11.4367 2.9599C11.1368 2.67443 10.7773 2.45886 10.3842 2.32864C10.0196 2.22251 9.64136 2.17052 9.26161 2.17433C7.85834 2.17433 6.77782 2.93652 6.02005 4.4609C5.26228 5.98529 4.89275 8.13625 4.91146 10.9138C4.91146 13.7568 5.37922 15.9171 6.31473 17.3948C7.25025 18.8724 8.54594 19.6112 10.2018 19.6112C10.8859 19.6321 11.5654 19.4933 12.1865 19.206C12.8076 18.9187 13.3533 18.4907 13.7802 17.9559C14.7034 16.8302 15.296 15.4705 15.4921 14.028H16.0535C15.9615 14.8708 15.7538 15.6969 15.436 16.4829C15.1126 17.2747 14.6778 18.0163 14.145 18.6854C13.55 19.4075 12.7894 19.9754 11.9278 20.3407C10.9334 20.7781 9.85689 20.9981 8.77047 20.986C6.11594 20.986 3.99232 20.1256 2.3996 18.4048C0.806883 16.684 0.00701637 14.3554 0 11.4188C0 8.44487 0.846642 6.06945 2.53993 4.29257C4.23321 2.51568 6.45506 1.62724 9.20548 1.62724C10.0143 1.61544 10.8198 1.73385 11.591 1.97794C12.1972 2.16587 12.7845 2.41008 13.3451 2.7074C13.6021 2.87461 13.8874 2.99347 14.1871 3.0581C14.5274 3.08615 14.8572 2.66531 15.1554 1.82363Z" fill="black" />
              <path d="M21.2491 20.9859C20.2288 21.0186 19.2314 20.6796 18.4426 20.032C17.6848 19.3984 17.3059 18.4913 17.3059 17.3106C17.3059 14.4886 19.9254 12.9689 25.1642 12.7515C25.1642 10.9559 25.1432 9.62673 25.1081 8.76751C25.0309 7.3086 24.3667 6.57914 23.1155 6.57914C22.5704 6.56247 22.03 6.68307 21.5438 6.92984C21.1298 7.15429 20.9264 7.40679 20.9264 7.68735C20.9264 7.96791 21.1298 8.34667 21.5438 8.76751C21.736 8.94765 21.8898 9.16478 21.9959 9.40586C22.102 9.64693 22.1582 9.90696 22.1612 10.1703C22.1695 10.4463 22.1158 10.7205 22.004 10.973C21.8923 11.2254 21.7255 11.4497 21.5157 11.6292C21.0802 12.0057 20.5196 12.2058 19.9441 12.1904C19.6563 12.1971 19.3701 12.1459 19.1025 12.0399C18.8349 11.9339 18.5914 11.7751 18.3864 11.5731C18.1757 11.357 18.012 11.0996 17.9058 10.8171C17.7995 10.5346 17.7529 10.2332 17.769 9.93184C17.769 8.90546 18.3537 8.00298 19.5231 7.22443C20.6925 6.44587 22.1519 6.05776 23.9013 6.0601C27.7743 6.0601 29.7109 7.64995 29.7109 10.8296C29.7109 10.9606 29.6828 12.2886 29.6267 14.8136C29.6056 16.0644 29.6337 17.2428 29.7109 18.3487C29.7459 19.0501 30.0266 19.4008 30.5528 19.4008C30.7234 19.402 30.8917 19.3618 31.0432 19.2836C31.1948 19.2054 31.3251 19.0916 31.4228 18.9519L31.6474 19.0922C31.065 20.343 29.9424 20.9696 28.2795 20.9719C26.5582 20.9719 25.5759 20.2799 25.3326 18.8958H25.259C24.6228 20.2916 23.2862 20.9883 21.2491 20.9859ZM23.4382 19.4148C24.2404 19.4148 24.8251 18.9659 25.1923 18.0681V13.2144C24.0486 13.3442 23.2277 13.6528 22.7366 14.1403C22.2454 14.6277 21.9788 15.4764 21.9788 16.6934C21.9601 18.5077 22.4466 19.4148 23.4382 19.4148Z" fill="black" />
              <path d="M37.4775 20.986C34.3531 20.986 32.7909 19.5832 32.7909 16.7776C32.7909 16.0762 32.7909 15.1328 32.833 13.972C32.8751 12.8111 32.8751 12.0817 32.8751 11.7836L32.9312 6.87377H31.1352V6.42487C33.0061 6.23783 34.3812 5.71879 35.2605 4.86776C36.1398 4.01672 36.7104 2.6747 36.9723 0.841705H37.4494L37.3091 6.3407H41.266V6.87377H37.3091C37.2366 10.6146 37.2366 14.2058 37.3091 17.6473C37.3266 18.4329 37.474 18.994 37.7441 19.3307C37.894 19.5043 38.0825 19.6403 38.2945 19.728C38.5065 19.8157 38.736 19.8526 38.9648 19.8357C39.218 19.8339 39.4671 19.7718 39.6915 19.6548C39.916 19.5377 40.1094 19.3689 40.2557 19.1623C40.663 18.5727 40.9052 17.885 40.9573 17.1704H41.3958C41.218 19.7141 39.9119 20.986 37.4775 20.986Z" fill="black" />
              <path d="M49.5006 6.06013C51.0722 6.06013 52.3305 6.44823 53.2754 7.22445C54.2226 7.9995 54.6786 8.87626 54.6786 9.8477C54.7146 10.4886 54.498 11.118 54.0752 11.6012C53.7835 11.9316 53.3975 12.1647 52.9692 12.2692C52.5409 12.3737 52.0909 12.3445 51.6797 12.1856C51.2685 12.0267 50.9159 11.7456 50.6693 11.3803C50.4227 11.015 50.294 10.5829 50.3004 10.1423C50.3132 9.58635 50.5163 9.0516 50.8758 8.62726C51.2617 8.13978 51.4511 7.7961 51.4511 7.57516C51.4511 7.29459 51.2687 7.05261 50.9038 6.8457C50.4708 6.62284 49.9872 6.51648 49.5006 6.53708C48.5276 6.53708 47.84 7.08885 47.4378 8.19239C47.0355 9.29593 46.8437 10.9606 46.8624 13.1864C46.8624 15.335 47.1571 16.9529 47.7465 18.0401C48.3358 19.1273 49.2948 19.6697 50.6232 19.6673C51.0994 19.686 51.5733 19.593 52.0071 19.3957C52.4408 19.1984 52.8223 18.9023 53.121 18.5311C53.7664 17.7071 54.174 16.7223 54.2998 15.6834H54.7769C54.6614 17.0538 54.1107 18.3514 53.2052 19.3868C52.2907 20.4529 50.9249 20.986 49.1076 20.986C46.8835 20.986 45.1621 20.2939 43.9436 18.9098C42.7251 17.5257 42.117 15.7395 42.1193 13.5511C42.0641 11.5852 42.7733 9.67447 44.098 8.22045C45.417 6.77789 47.2179 6.05779 49.5006 6.06013Z" fill="black" />
              <path d="M63.9332 7.46293C63.2596 7.46293 62.6983 7.81363 62.2493 8.51503C61.8002 9.21643 61.5476 10.2452 61.4915 11.6012C61.4529 12.499 61.4354 13.1829 61.4354 13.6493C61.4354 15.0334 61.4634 16.3988 61.5196 17.7455C61.5019 18.3989 61.6214 19.0489 61.8704 19.6533C62.0072 19.8568 62.1831 20.031 62.3878 20.1659C62.5926 20.3008 62.8222 20.3936 63.0632 20.4389V20.7194C60.4905 20.6259 57.9365 20.6259 55.4013 20.7194V20.4389C55.8936 20.3426 56.3276 20.055 56.6081 19.6393C56.8604 19.0211 56.9799 18.3567 56.9589 17.6894C57.0151 16.1743 57.0431 13.8457 57.0431 10.7034C57.0431 7.03975 57.0151 4.60822 56.9589 3.40882C56.9669 2.69223 56.8482 1.97987 56.6081 1.30461C56.3504 0.811001 55.9136 0.434594 55.3873 0.252505V0H61.4213C61.5897 0 61.6634 0.0841683 61.6459 0.252505C61.4401 2.64896 61.3371 5.77254 61.3371 9.62325H61.3933C61.9546 7.25017 63.414 6.06246 65.7715 6.06012C68.5944 6.06012 70.007 7.5658 70.0094 10.5772C70.0094 10.8752 70.0094 11.3768 70.0094 12.0782C70.0094 12.7796 70.0094 13.3267 70.0094 13.7194C70.0094 15.1222 70.0375 16.4689 70.0936 17.7595C70.0759 18.413 70.1954 19.0629 70.4444 19.6673C70.5812 19.8708 70.7571 20.0451 70.9618 20.1799C71.1666 20.3148 71.3962 20.4076 71.6372 20.4529V20.7335C69.0902 20.6399 66.5363 20.6399 63.9753 20.7335V20.4529C64.4648 20.3498 64.8935 20.0573 65.1681 19.6393C65.4204 19.0211 65.5399 18.3567 65.5189 17.6894C65.575 16.4175 65.6031 15.0802 65.6031 13.6774C65.6031 12.5083 65.5563 11.0868 65.4628 9.41282C65.3996 8.11874 64.9015 7.46293 63.9332 7.46293Z" fill="black" />
              <path d="M91.9811 18.517C90.9147 20.1536 89.5301 20.9719 87.8274 20.9719C86.8701 20.9775 85.9276 20.7359 85.0911 20.2705C84.0812 19.6674 83.1682 18.9155 82.3827 18.0401C81.4098 19.9853 79.7259 20.9579 77.3309 20.9579C75.6072 20.9579 74.2461 20.5417 73.2474 19.7094C72.7558 19.3038 72.3646 18.7903 72.1041 18.2087C71.8437 17.6272 71.7211 16.9934 71.7459 16.3567C71.7459 14.0561 73.3737 12.2699 76.6293 10.998C75.3196 8.95925 74.6647 7.33199 74.6647 6.11623C74.6545 5.46525 74.8101 4.82236 75.117 4.2481C75.4238 3.67384 75.8718 3.18709 76.4188 2.83366C77.6462 1.98865 79.1109 1.55628 80.6006 1.5992C82.2681 1.5992 83.5451 1.9499 84.4315 2.6513C84.8575 2.97283 85.2006 3.39126 85.4324 3.87187C85.6643 4.35248 85.7782 4.88142 85.7646 5.41483C85.7646 7.25016 84.2023 8.69038 81.0777 9.73547C81.8822 10.839 82.9207 12.1249 84.193 13.5932C84.6607 11.8537 85.3249 10.5818 86.1856 9.77755C86.9537 9.01209 87.9918 8.57885 89.0764 8.57114C89.8243 8.53646 90.5557 8.79865 91.1111 9.3006C91.36 9.52786 91.5576 9.80556 91.6907 10.1152C91.8238 10.4248 91.8893 10.7592 91.8829 11.0962C91.8996 11.4016 91.8526 11.7071 91.745 11.9935C91.6374 12.2798 91.4715 12.5407 91.2578 12.7596C91.0441 12.9785 90.7873 13.1506 90.5035 13.2651C90.2198 13.3797 89.9154 13.434 89.6096 13.4248C89.337 13.4305 89.0661 13.3813 88.8129 13.2801C88.5598 13.1788 88.3296 13.0277 88.1362 12.8357C87.9305 12.6253 87.7707 12.3745 87.6669 12.0993C87.563 11.824 87.5173 11.5302 87.5328 11.2365C87.5289 11.1804 87.5289 11.1242 87.5328 11.0681C87.5442 11.0173 87.5442 10.9646 87.5328 10.9138C87.5213 10.877 87.512 10.8395 87.5047 10.8016C87.5001 10.7794 87.49 10.7588 87.4753 10.7416C87.4606 10.7244 87.4417 10.7113 87.4205 10.7034C87.3618 10.6833 87.3001 10.6738 87.2381 10.6753C86.1154 10.6753 85.2361 11.8069 84.5999 14.0701L86.7329 16.3988C87.2778 16.9599 87.7035 17.3901 88.0099 17.6894C88.3628 18.0318 88.7536 18.333 89.1746 18.5872C89.55 18.8386 89.9863 18.984 90.4375 19.008C90.9637 18.9994 91.4663 18.7884 91.8408 18.4188L91.9811 18.517ZM75.7031 14.8697C75.7031 16.2164 76.054 17.2358 76.7556 17.9278C77.1137 18.2794 77.54 18.554 78.0081 18.7349C78.4762 18.9159 78.9764 18.9992 79.478 18.98C79.9822 18.9993 80.4836 18.8958 80.9389 18.6783C81.3943 18.4608 81.7898 18.1358 82.0916 17.7315C80.2075 15.7581 78.4721 13.6482 76.8994 11.4188C76.1019 12.0524 75.7031 13.2027 75.7031 14.8697ZM78.4536 4.26453C78.4536 5.40547 79.23 7.09819 80.783 9.34268C81.8495 8.55711 82.3827 7.23847 82.3827 5.38677C82.428 4.56688 82.2433 3.75065 81.8495 3.03006C81.7125 2.77696 81.5099 2.56531 81.2631 2.41724C81.0162 2.26917 80.7341 2.19013 80.4462 2.18837C79.1178 2.18837 78.4536 2.88042 78.4536 4.26453Z" fill="black" />
              <path d="M103.411 10.9699C103.411 13.3991 103.458 15.4566 103.551 17.1423C103.607 18.2084 103.808 18.9753 104.155 19.4429C104.501 19.9105 105.113 20.2285 105.993 20.3968V20.7475C102.754 20.6189 99.5354 20.6189 96.3383 20.7475V20.3968C97.2153 20.2285 97.8328 19.9058 98.1906 19.4289C98.5485 18.9519 98.7543 18.1897 98.808 17.1423C98.8993 15.4589 98.946 13.4015 98.9484 10.9699C98.9484 8.44489 98.9016 5.62058 98.808 2.497H98.1345C97.3276 2.497 96.5651 2.9646 95.8471 3.8998C94.7186 5.47865 93.6921 7.12797 92.774 8.83768L92.4232 8.78157C92.6266 6.834 92.795 4.5334 92.9283 1.87976C93.789 1.89846 96.343 1.90782 100.59 1.90782H101.769C105.153 1.90782 107.698 1.89846 109.403 1.87976C109.55 4.89346 109.719 7.19406 109.908 8.78157L109.557 8.83768L108.322 6.66333C108.042 6.17585 107.684 5.61122 107.27 4.97996C106.95 4.48237 106.589 4.01306 106.189 3.57716C105.895 3.2805 105.565 3.02135 105.207 2.80561C104.893 2.60277 104.528 2.49108 104.155 2.48297H103.509C103.441 4.43988 103.408 7.26887 103.411 10.9699Z" fill="black" />
              <path d="M116.865 9.93186C117.18 8.60387 117.648 7.62658 118.268 7C118.584 6.68536 118.961 6.43943 119.376 6.27768C119.792 6.11593 120.236 6.04186 120.682 6.06012C121.057 6.04787 121.431 6.1097 121.783 6.24209C122.134 6.37447 122.456 6.57481 122.73 6.83166C122.992 7.07221 123.2 7.36526 123.34 7.69162C123.48 8.01798 123.55 8.37028 123.544 8.72545C123.559 9.06979 123.505 9.41365 123.385 9.73658C123.264 10.0595 123.08 10.3549 122.843 10.6052C122.617 10.8416 122.344 11.0285 122.042 11.1541C121.74 11.2797 121.416 11.3412 121.089 11.3347C120.794 11.3461 120.5 11.2973 120.225 11.1912C119.95 11.085 119.699 10.9238 119.489 10.7174C119.278 10.4975 119.112 10.2381 119.001 9.95405C118.89 9.67 118.837 9.36691 118.843 9.06212C118.843 8.98847 118.843 8.88326 118.843 8.7535C118.843 8.62374 118.861 8.51503 118.871 8.43086C118.878 8.34684 118.878 8.26237 118.871 8.17835C118.87 8.14258 118.86 8.10767 118.843 8.07613C118.826 8.0446 118.802 8.01722 118.773 7.99599C118.706 7.95537 118.627 7.93584 118.549 7.93988C118.286 7.93988 118.036 8.12575 117.805 8.501C117.496 9.09787 117.292 9.74312 117.201 10.4088C117.019 11.4837 116.934 12.5731 116.949 13.6633C116.949 15.0661 116.977 16.4315 117.033 17.7595C117.068 18.6398 117.216 19.25 117.468 19.5972C117.721 19.9444 118.247 20.2285 119.054 20.4529V20.7335C116.32 20.6399 113.607 20.6399 110.915 20.7335V20.4529C111.16 20.4035 111.392 20.3062 111.6 20.1666C111.807 20.0269 111.984 19.8477 112.122 19.6393C112.374 19.021 112.493 18.3567 112.472 17.6894C112.529 16.3988 112.557 15.0521 112.557 13.6493C112.557 12.3774 112.529 11.1242 112.472 9.88978C112.479 9.13666 112.36 8.3877 112.122 7.67334C112 7.41968 111.83 7.19248 111.62 7.00472C111.411 6.81697 111.166 6.67236 110.901 6.57915V6.31262C112.844 6.36873 114.8 6.36873 116.766 6.31262C116.914 6.31262 116.97 6.39679 116.935 6.56513C116.839 7.78323 116.792 8.90547 116.795 9.93186H116.865Z" fill="black" />
              <path d="M128.101 20.9859C127.081 21.0186 126.084 20.6796 125.295 20.032C124.537 19.3984 124.158 18.4913 124.158 17.3106C124.158 14.4886 126.778 12.9689 132.017 12.7515C132.017 10.9559 131.995 9.62673 131.96 8.76751C131.887 7.3086 131.22 6.57914 129.968 6.57914C129.423 6.56278 128.882 6.68336 128.396 6.92984C127.982 7.15429 127.779 7.40679 127.779 7.68735C127.779 7.96791 127.996 8.34667 128.4 8.76751C128.592 8.94765 128.746 9.16478 128.852 9.40586C128.958 9.64693 129.014 9.90696 129.017 10.1703C129.027 10.4418 128.977 10.7122 128.871 10.9621C128.764 11.2119 128.603 11.435 128.4 11.6152C127.964 11.9916 127.403 12.1918 126.828 12.1763C126.537 12.1885 126.246 12.1414 125.973 12.0377C125.7 11.934 125.452 11.7759 125.242 11.5731C125.032 11.357 124.868 11.0996 124.762 10.8171C124.655 10.5346 124.609 10.2332 124.625 9.93184C124.625 8.90546 125.209 8.00298 126.379 7.22443C127.548 6.44587 129.008 6.05776 130.757 6.0601C134.63 6.0601 136.567 7.64995 136.567 10.8296C136.567 10.9606 136.539 12.2886 136.482 14.8136C136.464 16.0644 136.492 17.2428 136.567 18.3487C136.602 19.0501 136.886 19.4008 137.409 19.4008C137.579 19.402 137.747 19.3618 137.899 19.2836C138.051 19.2054 138.181 19.0916 138.279 18.9519L138.503 19.0922C137.925 20.343 136.803 20.9696 135.135 20.9719C133.414 20.9719 132.432 20.2799 132.188 18.8958H132.132C131.482 20.2916 130.138 20.9883 128.101 20.9859ZM130.291 19.4148C131.095 19.4148 131.68 18.9659 132.045 18.0681V13.2144C130.906 13.343 130.087 13.6516 129.589 14.1403C129.084 14.6277 128.831 15.4764 128.831 16.6934C128.812 18.5077 129.299 19.4148 130.291 19.4148Z" fill="black" />
              <path d="M148.302 17.5912C147.722 19.8544 146.365 20.986 144.232 20.986C143.478 21 142.73 20.8433 142.044 20.5275C141.359 20.2117 140.754 19.745 140.275 19.1623C139.229 17.9466 138.705 16.1931 138.703 13.9018C138.703 11.4726 139.349 9.56012 140.64 8.16433C141.931 6.76854 143.685 6.06713 145.902 6.06012C146.75 6.01192 147.59 6.24897 148.288 6.73347C148.288 5.25701 148.287 4.1523 148.259 3.42285C148.274 2.70576 148.155 1.9922 147.909 1.31864C147.636 0.820482 147.185 0.444386 146.646 0.266533V0H152.652C152.803 0 152.876 0.0841683 152.876 0.252505C152.708 2.49699 152.624 6.06947 152.624 10.9699C152.624 13.5675 152.652 15.6249 152.708 17.1423C152.701 17.8954 152.82 18.6444 153.059 19.3587C153.18 19.6124 153.351 19.8396 153.56 20.0273C153.77 20.2151 154.014 20.3597 154.279 20.4529V20.7335C152.299 20.6774 150.334 20.6774 148.386 20.7335C148.255 20.7335 148.199 20.6493 148.217 20.481C148.311 19.4522 148.358 18.489 148.358 17.5912H148.302ZM143.446 13.2425C143.446 17.4509 144.251 19.5551 145.86 19.5551C146.561 19.5551 147.137 19.1717 147.586 18.4048C148.035 17.6379 148.255 16.4502 148.245 14.8417V11.3347C148.245 9.6513 148.035 8.43086 147.614 7.67335C147.193 6.91583 146.655 6.53707 146 6.53707C144.3 6.53707 143.449 8.77221 143.446 13.2425V13.2425Z" fill="black" />
              <path d="M167.902 15.6553C167.771 17.1141 167.13 18.4801 166.092 19.513C165.069 20.5044 163.666 21 161.882 21C159.615 21 157.88 20.3594 156.676 19.0782C155.471 17.7969 154.868 15.9686 154.865 13.5932C154.865 11.4048 155.464 9.60456 156.662 8.1924C157.859 6.78025 159.524 6.07884 161.657 6.0882C163.622 6.0882 165.17 6.68673 166.302 7.88379C167.434 9.08085 168 10.7175 168 12.7936V13.2986H159.58V13.6493C159.58 15.9499 159.894 17.5772 160.521 18.5311C161.147 19.485 162.106 19.9619 163.397 19.9619C163.889 19.9564 164.375 19.8473 164.822 19.6419C165.269 19.4365 165.668 19.1392 165.993 18.7696C166.77 17.9171 167.261 16.8428 167.397 15.6974L167.902 15.6553ZM161.671 6.53709C160.343 6.53709 159.651 8.60389 159.594 12.7375H163.552C163.531 10.5889 163.381 9.01772 163.103 8.02407C162.824 7.03041 162.347 6.53476 161.671 6.53709Z" fill="black" />
            </svg>
          </div>

        </header>

        <h1>A team of remote trade advisors focused on<br />providing solutions to your needs.</h1>

      </div>

      <div class="page section">
        <p>
          It works to find the fastest solution for your needs in the <br>
          Turkish market. It undertakes the <span>sample supply</span> and the <span>logistics service</span> after production for the relevant solution. <br>
          <br>
          It works almost like a department within your organization <br>
          and offers a <span>local trading experience.</span>
        </p>
      </div>

      <div class="page section">
        <div class="_section">

          <div>Turkish<br>Market</div>
          <div> <svg width="168" height="21" viewBox="0 0 168 21" fill="none" xmlns="http://www.w3.org/2000/svg">
              <path d="M15.1554 1.82363H15.5062C15.401 4.17208 15.4572 6.52497 15.6746 8.86571L15.3659 8.89377L14.2152 6.83165C13.9813 6.42717 13.6679 5.8941 13.275 5.23245C12.9955 4.73973 12.6764 4.27058 12.3207 3.82964C12.0417 3.52429 11.7466 3.23397 11.4367 2.9599C11.1368 2.67443 10.7773 2.45886 10.3842 2.32864C10.0196 2.22251 9.64136 2.17052 9.26161 2.17433C7.85834 2.17433 6.77782 2.93652 6.02005 4.4609C5.26228 5.98529 4.89275 8.13625 4.91146 10.9138C4.91146 13.7568 5.37922 15.9171 6.31473 17.3948C7.25025 18.8724 8.54594 19.6112 10.2018 19.6112C10.8859 19.6321 11.5654 19.4933 12.1865 19.206C12.8076 18.9187 13.3533 18.4907 13.7802 17.9559C14.7034 16.8302 15.296 15.4705 15.4921 14.028H16.0535C15.9615 14.8708 15.7538 15.6969 15.436 16.4829C15.1126 17.2747 14.6778 18.0163 14.145 18.6854C13.55 19.4075 12.7894 19.9754 11.9278 20.3407C10.9334 20.7781 9.85689 20.9981 8.77047 20.986C6.11594 20.986 3.99232 20.1256 2.3996 18.4048C0.806883 16.684 0.00701637 14.3554 0 11.4188C0 8.44487 0.846642 6.06945 2.53993 4.29257C4.23321 2.51568 6.45506 1.62724 9.20548 1.62724C10.0143 1.61544 10.8198 1.73385 11.591 1.97794C12.1972 2.16587 12.7845 2.41008 13.3451 2.7074C13.6021 2.87461 13.8874 2.99347 14.1871 3.0581C14.5274 3.08615 14.8572 2.66531 15.1554 1.82363Z" fill="black" />
              <path d="M21.2491 20.9859C20.2288 21.0186 19.2314 20.6796 18.4426 20.032C17.6848 19.3984 17.3059 18.4913 17.3059 17.3106C17.3059 14.4886 19.9254 12.9689 25.1642 12.7515C25.1642 10.9559 25.1432 9.62673 25.1081 8.76751C25.0309 7.3086 24.3667 6.57914 23.1155 6.57914C22.5704 6.56247 22.03 6.68307 21.5438 6.92984C21.1298 7.15429 20.9264 7.40679 20.9264 7.68735C20.9264 7.96791 21.1298 8.34667 21.5438 8.76751C21.736 8.94765 21.8898 9.16478 21.9959 9.40586C22.102 9.64693 22.1582 9.90696 22.1612 10.1703C22.1695 10.4463 22.1158 10.7205 22.004 10.973C21.8923 11.2254 21.7255 11.4497 21.5157 11.6292C21.0802 12.0057 20.5196 12.2058 19.9441 12.1904C19.6563 12.1971 19.3701 12.1459 19.1025 12.0399C18.8349 11.9339 18.5914 11.7751 18.3864 11.5731C18.1757 11.357 18.012 11.0996 17.9058 10.8171C17.7995 10.5346 17.7529 10.2332 17.769 9.93184C17.769 8.90546 18.3537 8.00298 19.5231 7.22443C20.6925 6.44587 22.1519 6.05776 23.9013 6.0601C27.7743 6.0601 29.7109 7.64995 29.7109 10.8296C29.7109 10.9606 29.6828 12.2886 29.6267 14.8136C29.6056 16.0644 29.6337 17.2428 29.7109 18.3487C29.7459 19.0501 30.0266 19.4008 30.5528 19.4008C30.7234 19.402 30.8917 19.3618 31.0432 19.2836C31.1948 19.2054 31.3251 19.0916 31.4228 18.9519L31.6474 19.0922C31.065 20.343 29.9424 20.9696 28.2795 20.9719C26.5582 20.9719 25.5759 20.2799 25.3326 18.8958H25.259C24.6228 20.2916 23.2862 20.9883 21.2491 20.9859ZM23.4382 19.4148C24.2404 19.4148 24.8251 18.9659 25.1923 18.0681V13.2144C24.0486 13.3442 23.2277 13.6528 22.7366 14.1403C22.2454 14.6277 21.9788 15.4764 21.9788 16.6934C21.9601 18.5077 22.4466 19.4148 23.4382 19.4148Z" fill="black" />
              <path d="M37.4775 20.986C34.3531 20.986 32.7909 19.5832 32.7909 16.7776C32.7909 16.0762 32.7909 15.1328 32.833 13.972C32.8751 12.8111 32.8751 12.0817 32.8751 11.7836L32.9312 6.87377H31.1352V6.42487C33.0061 6.23783 34.3812 5.71879 35.2605 4.86776C36.1398 4.01672 36.7104 2.6747 36.9723 0.841705H37.4494L37.3091 6.3407H41.266V6.87377H37.3091C37.2366 10.6146 37.2366 14.2058 37.3091 17.6473C37.3266 18.4329 37.474 18.994 37.7441 19.3307C37.894 19.5043 38.0825 19.6403 38.2945 19.728C38.5065 19.8157 38.736 19.8526 38.9648 19.8357C39.218 19.8339 39.4671 19.7718 39.6915 19.6548C39.916 19.5377 40.1094 19.3689 40.2557 19.1623C40.663 18.5727 40.9052 17.885 40.9573 17.1704H41.3958C41.218 19.7141 39.9119 20.986 37.4775 20.986Z" fill="black" />
              <path d="M49.5006 6.06013C51.0722 6.06013 52.3305 6.44823 53.2754 7.22445C54.2226 7.9995 54.6786 8.87626 54.6786 9.8477C54.7146 10.4886 54.498 11.118 54.0752 11.6012C53.7835 11.9316 53.3975 12.1647 52.9692 12.2692C52.5409 12.3737 52.0909 12.3445 51.6797 12.1856C51.2685 12.0267 50.9159 11.7456 50.6693 11.3803C50.4227 11.015 50.294 10.5829 50.3004 10.1423C50.3132 9.58635 50.5163 9.0516 50.8758 8.62726C51.2617 8.13978 51.4511 7.7961 51.4511 7.57516C51.4511 7.29459 51.2687 7.05261 50.9038 6.8457C50.4708 6.62284 49.9872 6.51648 49.5006 6.53708C48.5276 6.53708 47.84 7.08885 47.4378 8.19239C47.0355 9.29593 46.8437 10.9606 46.8624 13.1864C46.8624 15.335 47.1571 16.9529 47.7465 18.0401C48.3358 19.1273 49.2948 19.6697 50.6232 19.6673C51.0994 19.686 51.5733 19.593 52.0071 19.3957C52.4408 19.1984 52.8223 18.9023 53.121 18.5311C53.7664 17.7071 54.174 16.7223 54.2998 15.6834H54.7769C54.6614 17.0538 54.1107 18.3514 53.2052 19.3868C52.2907 20.4529 50.9249 20.986 49.1076 20.986C46.8835 20.986 45.1621 20.2939 43.9436 18.9098C42.7251 17.5257 42.117 15.7395 42.1193 13.5511C42.0641 11.5852 42.7733 9.67447 44.098 8.22045C45.417 6.77789 47.2179 6.05779 49.5006 6.06013Z" fill="black" />
              <path d="M63.9332 7.46293C63.2596 7.46293 62.6983 7.81363 62.2493 8.51503C61.8002 9.21643 61.5476 10.2452 61.4915 11.6012C61.4529 12.499 61.4354 13.1829 61.4354 13.6493C61.4354 15.0334 61.4634 16.3988 61.5196 17.7455C61.5019 18.3989 61.6214 19.0489 61.8704 19.6533C62.0072 19.8568 62.1831 20.031 62.3878 20.1659C62.5926 20.3008 62.8222 20.3936 63.0632 20.4389V20.7194C60.4905 20.6259 57.9365 20.6259 55.4013 20.7194V20.4389C55.8936 20.3426 56.3276 20.055 56.6081 19.6393C56.8604 19.0211 56.9799 18.3567 56.9589 17.6894C57.0151 16.1743 57.0431 13.8457 57.0431 10.7034C57.0431 7.03975 57.0151 4.60822 56.9589 3.40882C56.9669 2.69223 56.8482 1.97987 56.6081 1.30461C56.3504 0.811001 55.9136 0.434594 55.3873 0.252505V0H61.4213C61.5897 0 61.6634 0.0841683 61.6459 0.252505C61.4401 2.64896 61.3371 5.77254 61.3371 9.62325H61.3933C61.9546 7.25017 63.414 6.06246 65.7715 6.06012C68.5944 6.06012 70.007 7.5658 70.0094 10.5772C70.0094 10.8752 70.0094 11.3768 70.0094 12.0782C70.0094 12.7796 70.0094 13.3267 70.0094 13.7194C70.0094 15.1222 70.0375 16.4689 70.0936 17.7595C70.0759 18.413 70.1954 19.0629 70.4444 19.6673C70.5812 19.8708 70.7571 20.0451 70.9618 20.1799C71.1666 20.3148 71.3962 20.4076 71.6372 20.4529V20.7335C69.0902 20.6399 66.5363 20.6399 63.9753 20.7335V20.4529C64.4648 20.3498 64.8935 20.0573 65.1681 19.6393C65.4204 19.0211 65.5399 18.3567 65.5189 17.6894C65.575 16.4175 65.6031 15.0802 65.6031 13.6774C65.6031 12.5083 65.5563 11.0868 65.4628 9.41282C65.3996 8.11874 64.9015 7.46293 63.9332 7.46293Z" fill="black" />
              <path d="M91.9811 18.517C90.9147 20.1536 89.5301 20.9719 87.8274 20.9719C86.8701 20.9775 85.9276 20.7359 85.0911 20.2705C84.0812 19.6674 83.1682 18.9155 82.3827 18.0401C81.4098 19.9853 79.7259 20.9579 77.3309 20.9579C75.6072 20.9579 74.2461 20.5417 73.2474 19.7094C72.7558 19.3038 72.3646 18.7903 72.1041 18.2087C71.8437 17.6272 71.7211 16.9934 71.7459 16.3567C71.7459 14.0561 73.3737 12.2699 76.6293 10.998C75.3196 8.95925 74.6647 7.33199 74.6647 6.11623C74.6545 5.46525 74.8101 4.82236 75.117 4.2481C75.4238 3.67384 75.8718 3.18709 76.4188 2.83366C77.6462 1.98865 79.1109 1.55628 80.6006 1.5992C82.2681 1.5992 83.5451 1.9499 84.4315 2.6513C84.8575 2.97283 85.2006 3.39126 85.4324 3.87187C85.6643 4.35248 85.7782 4.88142 85.7646 5.41483C85.7646 7.25016 84.2023 8.69038 81.0777 9.73547C81.8822 10.839 82.9207 12.1249 84.193 13.5932C84.6607 11.8537 85.3249 10.5818 86.1856 9.77755C86.9537 9.01209 87.9918 8.57885 89.0764 8.57114C89.8243 8.53646 90.5557 8.79865 91.1111 9.3006C91.36 9.52786 91.5576 9.80556 91.6907 10.1152C91.8238 10.4248 91.8893 10.7592 91.8829 11.0962C91.8996 11.4016 91.8526 11.7071 91.745 11.9935C91.6374 12.2798 91.4715 12.5407 91.2578 12.7596C91.0441 12.9785 90.7873 13.1506 90.5035 13.2651C90.2198 13.3797 89.9154 13.434 89.6096 13.4248C89.337 13.4305 89.0661 13.3813 88.8129 13.2801C88.5598 13.1788 88.3296 13.0277 88.1362 12.8357C87.9305 12.6253 87.7707 12.3745 87.6669 12.0993C87.563 11.824 87.5173 11.5302 87.5328 11.2365C87.5289 11.1804 87.5289 11.1242 87.5328 11.0681C87.5442 11.0173 87.5442 10.9646 87.5328 10.9138C87.5213 10.877 87.512 10.8395 87.5047 10.8016C87.5001 10.7794 87.49 10.7588 87.4753 10.7416C87.4606 10.7244 87.4417 10.7113 87.4205 10.7034C87.3618 10.6833 87.3001 10.6738 87.2381 10.6753C86.1154 10.6753 85.2361 11.8069 84.5999 14.0701L86.7329 16.3988C87.2778 16.9599 87.7035 17.3901 88.0099 17.6894C88.3628 18.0318 88.7536 18.333 89.1746 18.5872C89.55 18.8386 89.9863 18.984 90.4375 19.008C90.9637 18.9994 91.4663 18.7884 91.8408 18.4188L91.9811 18.517ZM75.7031 14.8697C75.7031 16.2164 76.054 17.2358 76.7556 17.9278C77.1137 18.2794 77.54 18.554 78.0081 18.7349C78.4762 18.9159 78.9764 18.9992 79.478 18.98C79.9822 18.9993 80.4836 18.8958 80.9389 18.6783C81.3943 18.4608 81.7898 18.1358 82.0916 17.7315C80.2075 15.7581 78.4721 13.6482 76.8994 11.4188C76.1019 12.0524 75.7031 13.2027 75.7031 14.8697ZM78.4536 4.26453C78.4536 5.40547 79.23 7.09819 80.783 9.34268C81.8495 8.55711 82.3827 7.23847 82.3827 5.38677C82.428 4.56688 82.2433 3.75065 81.8495 3.03006C81.7125 2.77696 81.5099 2.56531 81.2631 2.41724C81.0162 2.26917 80.7341 2.19013 80.4462 2.18837C79.1178 2.18837 78.4536 2.88042 78.4536 4.26453Z" fill="black" />
              <path d="M103.411 10.9699C103.411 13.3991 103.458 15.4566 103.551 17.1423C103.607 18.2084 103.808 18.9753 104.155 19.4429C104.501 19.9105 105.113 20.2285 105.993 20.3968V20.7475C102.754 20.6189 99.5354 20.6189 96.3383 20.7475V20.3968C97.2153 20.2285 97.8328 19.9058 98.1906 19.4289C98.5485 18.9519 98.7543 18.1897 98.808 17.1423C98.8993 15.4589 98.946 13.4015 98.9484 10.9699C98.9484 8.44489 98.9016 5.62058 98.808 2.497H98.1345C97.3276 2.497 96.5651 2.9646 95.8471 3.8998C94.7186 5.47865 93.6921 7.12797 92.774 8.83768L92.4232 8.78157C92.6266 6.834 92.795 4.5334 92.9283 1.87976C93.789 1.89846 96.343 1.90782 100.59 1.90782H101.769C105.153 1.90782 107.698 1.89846 109.403 1.87976C109.55 4.89346 109.719 7.19406 109.908 8.78157L109.557 8.83768L108.322 6.66333C108.042 6.17585 107.684 5.61122 107.27 4.97996C106.95 4.48237 106.589 4.01306 106.189 3.57716C105.895 3.2805 105.565 3.02135 105.207 2.80561C104.893 2.60277 104.528 2.49108 104.155 2.48297H103.509C103.441 4.43988 103.408 7.26887 103.411 10.9699Z" fill="black" />
              <path d="M116.865 9.93186C117.18 8.60387 117.648 7.62658 118.268 7C118.584 6.68536 118.961 6.43943 119.376 6.27768C119.792 6.11593 120.236 6.04186 120.682 6.06012C121.057 6.04787 121.431 6.1097 121.783 6.24209C122.134 6.37447 122.456 6.57481 122.73 6.83166C122.992 7.07221 123.2 7.36526 123.34 7.69162C123.48 8.01798 123.55 8.37028 123.544 8.72545C123.559 9.06979 123.505 9.41365 123.385 9.73658C123.264 10.0595 123.08 10.3549 122.843 10.6052C122.617 10.8416 122.344 11.0285 122.042 11.1541C121.74 11.2797 121.416 11.3412 121.089 11.3347C120.794 11.3461 120.5 11.2973 120.225 11.1912C119.95 11.085 119.699 10.9238 119.489 10.7174C119.278 10.4975 119.112 10.2381 119.001 9.95405C118.89 9.67 118.837 9.36691 118.843 9.06212C118.843 8.98847 118.843 8.88326 118.843 8.7535C118.843 8.62374 118.861 8.51503 118.871 8.43086C118.878 8.34684 118.878 8.26237 118.871 8.17835C118.87 8.14258 118.86 8.10767 118.843 8.07613C118.826 8.0446 118.802 8.01722 118.773 7.99599C118.706 7.95537 118.627 7.93584 118.549 7.93988C118.286 7.93988 118.036 8.12575 117.805 8.501C117.496 9.09787 117.292 9.74312 117.201 10.4088C117.019 11.4837 116.934 12.5731 116.949 13.6633C116.949 15.0661 116.977 16.4315 117.033 17.7595C117.068 18.6398 117.216 19.25 117.468 19.5972C117.721 19.9444 118.247 20.2285 119.054 20.4529V20.7335C116.32 20.6399 113.607 20.6399 110.915 20.7335V20.4529C111.16 20.4035 111.392 20.3062 111.6 20.1666C111.807 20.0269 111.984 19.8477 112.122 19.6393C112.374 19.021 112.493 18.3567 112.472 17.6894C112.529 16.3988 112.557 15.0521 112.557 13.6493C112.557 12.3774 112.529 11.1242 112.472 9.88978C112.479 9.13666 112.36 8.3877 112.122 7.67334C112 7.41968 111.83 7.19248 111.62 7.00472C111.411 6.81697 111.166 6.67236 110.901 6.57915V6.31262C112.844 6.36873 114.8 6.36873 116.766 6.31262C116.914 6.31262 116.97 6.39679 116.935 6.56513C116.839 7.78323 116.792 8.90547 116.795 9.93186H116.865Z" fill="black" />
              <path d="M128.101 20.9859C127.081 21.0186 126.084 20.6796 125.295 20.032C124.537 19.3984 124.158 18.4913 124.158 17.3106C124.158 14.4886 126.778 12.9689 132.017 12.7515C132.017 10.9559 131.995 9.62673 131.96 8.76751C131.887 7.3086 131.22 6.57914 129.968 6.57914C129.423 6.56278 128.882 6.68336 128.396 6.92984C127.982 7.15429 127.779 7.40679 127.779 7.68735C127.779 7.96791 127.996 8.34667 128.4 8.76751C128.592 8.94765 128.746 9.16478 128.852 9.40586C128.958 9.64693 129.014 9.90696 129.017 10.1703C129.027 10.4418 128.977 10.7122 128.871 10.9621C128.764 11.2119 128.603 11.435 128.4 11.6152C127.964 11.9916 127.403 12.1918 126.828 12.1763C126.537 12.1885 126.246 12.1414 125.973 12.0377C125.7 11.934 125.452 11.7759 125.242 11.5731C125.032 11.357 124.868 11.0996 124.762 10.8171C124.655 10.5346 124.609 10.2332 124.625 9.93184C124.625 8.90546 125.209 8.00298 126.379 7.22443C127.548 6.44587 129.008 6.05776 130.757 6.0601C134.63 6.0601 136.567 7.64995 136.567 10.8296C136.567 10.9606 136.539 12.2886 136.482 14.8136C136.464 16.0644 136.492 17.2428 136.567 18.3487C136.602 19.0501 136.886 19.4008 137.409 19.4008C137.579 19.402 137.747 19.3618 137.899 19.2836C138.051 19.2054 138.181 19.0916 138.279 18.9519L138.503 19.0922C137.925 20.343 136.803 20.9696 135.135 20.9719C133.414 20.9719 132.432 20.2799 132.188 18.8958H132.132C131.482 20.2916 130.138 20.9883 128.101 20.9859ZM130.291 19.4148C131.095 19.4148 131.68 18.9659 132.045 18.0681V13.2144C130.906 13.343 130.087 13.6516 129.589 14.1403C129.084 14.6277 128.831 15.4764 128.831 16.6934C128.812 18.5077 129.299 19.4148 130.291 19.4148Z" fill="black" />
              <path d="M148.302 17.5912C147.722 19.8544 146.365 20.986 144.232 20.986C143.478 21 142.73 20.8433 142.044 20.5275C141.359 20.2117 140.754 19.745 140.275 19.1623C139.229 17.9466 138.705 16.1931 138.703 13.9018C138.703 11.4726 139.349 9.56012 140.64 8.16433C141.931 6.76854 143.685 6.06713 145.902 6.06012C146.75 6.01192 147.59 6.24897 148.288 6.73347C148.288 5.25701 148.287 4.1523 148.259 3.42285C148.274 2.70576 148.155 1.9922 147.909 1.31864C147.636 0.820482 147.185 0.444386 146.646 0.266533V0H152.652C152.803 0 152.876 0.0841683 152.876 0.252505C152.708 2.49699 152.624 6.06947 152.624 10.9699C152.624 13.5675 152.652 15.6249 152.708 17.1423C152.701 17.8954 152.82 18.6444 153.059 19.3587C153.18 19.6124 153.351 19.8396 153.56 20.0273C153.77 20.2151 154.014 20.3597 154.279 20.4529V20.7335C152.299 20.6774 150.334 20.6774 148.386 20.7335C148.255 20.7335 148.199 20.6493 148.217 20.481C148.311 19.4522 148.358 18.489 148.358 17.5912H148.302ZM143.446 13.2425C143.446 17.4509 144.251 19.5551 145.86 19.5551C146.561 19.5551 147.137 19.1717 147.586 18.4048C148.035 17.6379 148.255 16.4502 148.245 14.8417V11.3347C148.245 9.6513 148.035 8.43086 147.614 7.67335C147.193 6.91583 146.655 6.53707 146 6.53707C144.3 6.53707 143.449 8.77221 143.446 13.2425V13.2425Z" fill="black" />
              <path d="M167.902 15.6553C167.771 17.1141 167.13 18.4801 166.092 19.513C165.069 20.5044 163.666 21 161.882 21C159.615 21 157.88 20.3594 156.676 19.0782C155.471 17.7969 154.868 15.9686 154.865 13.5932C154.865 11.4048 155.464 9.60456 156.662 8.1924C157.859 6.78025 159.524 6.07884 161.657 6.0882C163.622 6.0882 165.17 6.68673 166.302 7.88379C167.434 9.08085 168 10.7175 168 12.7936V13.2986H159.58V13.6493C159.58 15.9499 159.894 17.5772 160.521 18.5311C161.147 19.485 162.106 19.9619 163.397 19.9619C163.889 19.9564 164.375 19.8473 164.822 19.6419C165.269 19.4365 165.668 19.1392 165.993 18.7696C166.77 17.9171 167.261 16.8428 167.397 15.6974L167.902 15.6553ZM161.671 6.53709C160.343 6.53709 159.651 8.60389 159.594 12.7375H163.552C163.531 10.5889 163.381 9.01772 163.103 8.02407C162.824 7.03041 162.347 6.53476 161.671 6.53709Z" fill="black" />
            </svg></div>
          <div>Global<br>Needs</div>

        </div>
      </div>

      <div class="page section">
        <form action="/">
          <h2>Get in touch</h2>

          <div>

            Hello, my name is
            <input type="text" placeholder="type here" class="input_name">
            and I'm looking for
            <input type="text" placeholder="describe here" class="input_describe">
            <br>
            Get in touch with me at
            <input type="email" placeholder="type here" class="input_email">
            <input type="submit" value="SEND">

          </div>

        </form>

        <footer>

          <div class="logo">
            <svg width="168" height="21" viewBox="0 0 168 21" fill="none" xmlns="http://www.w3.org/2000/svg">
              <path d="M15.1554 1.82363H15.5062C15.401 4.17208 15.4572 6.52497 15.6746 8.86571L15.3659 8.89377L14.2152 6.83165C13.9813 6.42717 13.6679 5.8941 13.275 5.23245C12.9955 4.73973 12.6764 4.27058 12.3207 3.82964C12.0417 3.52429 11.7466 3.23397 11.4367 2.9599C11.1368 2.67443 10.7773 2.45886 10.3842 2.32864C10.0196 2.22251 9.64136 2.17052 9.26161 2.17433C7.85834 2.17433 6.77782 2.93652 6.02005 4.4609C5.26228 5.98529 4.89275 8.13625 4.91146 10.9138C4.91146 13.7568 5.37922 15.9171 6.31473 17.3948C7.25025 18.8724 8.54594 19.6112 10.2018 19.6112C10.8859 19.6321 11.5654 19.4933 12.1865 19.206C12.8076 18.9187 13.3533 18.4907 13.7802 17.9559C14.7034 16.8302 15.296 15.4705 15.4921 14.028H16.0535C15.9615 14.8708 15.7538 15.6969 15.436 16.4829C15.1126 17.2747 14.6778 18.0163 14.145 18.6854C13.55 19.4075 12.7894 19.9754 11.9278 20.3407C10.9334 20.7781 9.85689 20.9981 8.77047 20.986C6.11594 20.986 3.99232 20.1256 2.3996 18.4048C0.806883 16.684 0.00701637 14.3554 0 11.4188C0 8.44487 0.846642 6.06945 2.53993 4.29257C4.23321 2.51568 6.45506 1.62724 9.20548 1.62724C10.0143 1.61544 10.8198 1.73385 11.591 1.97794C12.1972 2.16587 12.7845 2.41008 13.3451 2.7074C13.6021 2.87461 13.8874 2.99347 14.1871 3.0581C14.5274 3.08615 14.8572 2.66531 15.1554 1.82363Z" fill="black" />
              <path d="M21.2491 20.9859C20.2288 21.0186 19.2314 20.6796 18.4426 20.032C17.6848 19.3984 17.3059 18.4913 17.3059 17.3106C17.3059 14.4886 19.9254 12.9689 25.1642 12.7515C25.1642 10.9559 25.1432 9.62673 25.1081 8.76751C25.0309 7.3086 24.3667 6.57914 23.1155 6.57914C22.5704 6.56247 22.03 6.68307 21.5438 6.92984C21.1298 7.15429 20.9264 7.40679 20.9264 7.68735C20.9264 7.96791 21.1298 8.34667 21.5438 8.76751C21.736 8.94765 21.8898 9.16478 21.9959 9.40586C22.102 9.64693 22.1582 9.90696 22.1612 10.1703C22.1695 10.4463 22.1158 10.7205 22.004 10.973C21.8923 11.2254 21.7255 11.4497 21.5157 11.6292C21.0802 12.0057 20.5196 12.2058 19.9441 12.1904C19.6563 12.1971 19.3701 12.1459 19.1025 12.0399C18.8349 11.9339 18.5914 11.7751 18.3864 11.5731C18.1757 11.357 18.012 11.0996 17.9058 10.8171C17.7995 10.5346 17.7529 10.2332 17.769 9.93184C17.769 8.90546 18.3537 8.00298 19.5231 7.22443C20.6925 6.44587 22.1519 6.05776 23.9013 6.0601C27.7743 6.0601 29.7109 7.64995 29.7109 10.8296C29.7109 10.9606 29.6828 12.2886 29.6267 14.8136C29.6056 16.0644 29.6337 17.2428 29.7109 18.3487C29.7459 19.0501 30.0266 19.4008 30.5528 19.4008C30.7234 19.402 30.8917 19.3618 31.0432 19.2836C31.1948 19.2054 31.3251 19.0916 31.4228 18.9519L31.6474 19.0922C31.065 20.343 29.9424 20.9696 28.2795 20.9719C26.5582 20.9719 25.5759 20.2799 25.3326 18.8958H25.259C24.6228 20.2916 23.2862 20.9883 21.2491 20.9859ZM23.4382 19.4148C24.2404 19.4148 24.8251 18.9659 25.1923 18.0681V13.2144C24.0486 13.3442 23.2277 13.6528 22.7366 14.1403C22.2454 14.6277 21.9788 15.4764 21.9788 16.6934C21.9601 18.5077 22.4466 19.4148 23.4382 19.4148Z" fill="black" />
              <path d="M37.4775 20.986C34.3531 20.986 32.7909 19.5832 32.7909 16.7776C32.7909 16.0762 32.7909 15.1328 32.833 13.972C32.8751 12.8111 32.8751 12.0817 32.8751 11.7836L32.9312 6.87377H31.1352V6.42487C33.0061 6.23783 34.3812 5.71879 35.2605 4.86776C36.1398 4.01672 36.7104 2.6747 36.9723 0.841705H37.4494L37.3091 6.3407H41.266V6.87377H37.3091C37.2366 10.6146 37.2366 14.2058 37.3091 17.6473C37.3266 18.4329 37.474 18.994 37.7441 19.3307C37.894 19.5043 38.0825 19.6403 38.2945 19.728C38.5065 19.8157 38.736 19.8526 38.9648 19.8357C39.218 19.8339 39.4671 19.7718 39.6915 19.6548C39.916 19.5377 40.1094 19.3689 40.2557 19.1623C40.663 18.5727 40.9052 17.885 40.9573 17.1704H41.3958C41.218 19.7141 39.9119 20.986 37.4775 20.986Z" fill="black" />
              <path d="M49.5006 6.06013C51.0722 6.06013 52.3305 6.44823 53.2754 7.22445C54.2226 7.9995 54.6786 8.87626 54.6786 9.8477C54.7146 10.4886 54.498 11.118 54.0752 11.6012C53.7835 11.9316 53.3975 12.1647 52.9692 12.2692C52.5409 12.3737 52.0909 12.3445 51.6797 12.1856C51.2685 12.0267 50.9159 11.7456 50.6693 11.3803C50.4227 11.015 50.294 10.5829 50.3004 10.1423C50.3132 9.58635 50.5163 9.0516 50.8758 8.62726C51.2617 8.13978 51.4511 7.7961 51.4511 7.57516C51.4511 7.29459 51.2687 7.05261 50.9038 6.8457C50.4708 6.62284 49.9872 6.51648 49.5006 6.53708C48.5276 6.53708 47.84 7.08885 47.4378 8.19239C47.0355 9.29593 46.8437 10.9606 46.8624 13.1864C46.8624 15.335 47.1571 16.9529 47.7465 18.0401C48.3358 19.1273 49.2948 19.6697 50.6232 19.6673C51.0994 19.686 51.5733 19.593 52.0071 19.3957C52.4408 19.1984 52.8223 18.9023 53.121 18.5311C53.7664 17.7071 54.174 16.7223 54.2998 15.6834H54.7769C54.6614 17.0538 54.1107 18.3514 53.2052 19.3868C52.2907 20.4529 50.9249 20.986 49.1076 20.986C46.8835 20.986 45.1621 20.2939 43.9436 18.9098C42.7251 17.5257 42.117 15.7395 42.1193 13.5511C42.0641 11.5852 42.7733 9.67447 44.098 8.22045C45.417 6.77789 47.2179 6.05779 49.5006 6.06013Z" fill="black" />
              <path d="M63.9332 7.46293C63.2596 7.46293 62.6983 7.81363 62.2493 8.51503C61.8002 9.21643 61.5476 10.2452 61.4915 11.6012C61.4529 12.499 61.4354 13.1829 61.4354 13.6493C61.4354 15.0334 61.4634 16.3988 61.5196 17.7455C61.5019 18.3989 61.6214 19.0489 61.8704 19.6533C62.0072 19.8568 62.1831 20.031 62.3878 20.1659C62.5926 20.3008 62.8222 20.3936 63.0632 20.4389V20.7194C60.4905 20.6259 57.9365 20.6259 55.4013 20.7194V20.4389C55.8936 20.3426 56.3276 20.055 56.6081 19.6393C56.8604 19.0211 56.9799 18.3567 56.9589 17.6894C57.0151 16.1743 57.0431 13.8457 57.0431 10.7034C57.0431 7.03975 57.0151 4.60822 56.9589 3.40882C56.9669 2.69223 56.8482 1.97987 56.6081 1.30461C56.3504 0.811001 55.9136 0.434594 55.3873 0.252505V0H61.4213C61.5897 0 61.6634 0.0841683 61.6459 0.252505C61.4401 2.64896 61.3371 5.77254 61.3371 9.62325H61.3933C61.9546 7.25017 63.414 6.06246 65.7715 6.06012C68.5944 6.06012 70.007 7.5658 70.0094 10.5772C70.0094 10.8752 70.0094 11.3768 70.0094 12.0782C70.0094 12.7796 70.0094 13.3267 70.0094 13.7194C70.0094 15.1222 70.0375 16.4689 70.0936 17.7595C70.0759 18.413 70.1954 19.0629 70.4444 19.6673C70.5812 19.8708 70.7571 20.0451 70.9618 20.1799C71.1666 20.3148 71.3962 20.4076 71.6372 20.4529V20.7335C69.0902 20.6399 66.5363 20.6399 63.9753 20.7335V20.4529C64.4648 20.3498 64.8935 20.0573 65.1681 19.6393C65.4204 19.0211 65.5399 18.3567 65.5189 17.6894C65.575 16.4175 65.6031 15.0802 65.6031 13.6774C65.6031 12.5083 65.5563 11.0868 65.4628 9.41282C65.3996 8.11874 64.9015 7.46293 63.9332 7.46293Z" fill="black" />
              <path d="M91.9811 18.517C90.9147 20.1536 89.5301 20.9719 87.8274 20.9719C86.8701 20.9775 85.9276 20.7359 85.0911 20.2705C84.0812 19.6674 83.1682 18.9155 82.3827 18.0401C81.4098 19.9853 79.7259 20.9579 77.3309 20.9579C75.6072 20.9579 74.2461 20.5417 73.2474 19.7094C72.7558 19.3038 72.3646 18.7903 72.1041 18.2087C71.8437 17.6272 71.7211 16.9934 71.7459 16.3567C71.7459 14.0561 73.3737 12.2699 76.6293 10.998C75.3196 8.95925 74.6647 7.33199 74.6647 6.11623C74.6545 5.46525 74.8101 4.82236 75.117 4.2481C75.4238 3.67384 75.8718 3.18709 76.4188 2.83366C77.6462 1.98865 79.1109 1.55628 80.6006 1.5992C82.2681 1.5992 83.5451 1.9499 84.4315 2.6513C84.8575 2.97283 85.2006 3.39126 85.4324 3.87187C85.6643 4.35248 85.7782 4.88142 85.7646 5.41483C85.7646 7.25016 84.2023 8.69038 81.0777 9.73547C81.8822 10.839 82.9207 12.1249 84.193 13.5932C84.6607 11.8537 85.3249 10.5818 86.1856 9.77755C86.9537 9.01209 87.9918 8.57885 89.0764 8.57114C89.8243 8.53646 90.5557 8.79865 91.1111 9.3006C91.36 9.52786 91.5576 9.80556 91.6907 10.1152C91.8238 10.4248 91.8893 10.7592 91.8829 11.0962C91.8996 11.4016 91.8526 11.7071 91.745 11.9935C91.6374 12.2798 91.4715 12.5407 91.2578 12.7596C91.0441 12.9785 90.7873 13.1506 90.5035 13.2651C90.2198 13.3797 89.9154 13.434 89.6096 13.4248C89.337 13.4305 89.0661 13.3813 88.8129 13.2801C88.5598 13.1788 88.3296 13.0277 88.1362 12.8357C87.9305 12.6253 87.7707 12.3745 87.6669 12.0993C87.563 11.824 87.5173 11.5302 87.5328 11.2365C87.5289 11.1804 87.5289 11.1242 87.5328 11.0681C87.5442 11.0173 87.5442 10.9646 87.5328 10.9138C87.5213 10.877 87.512 10.8395 87.5047 10.8016C87.5001 10.7794 87.49 10.7588 87.4753 10.7416C87.4606 10.7244 87.4417 10.7113 87.4205 10.7034C87.3618 10.6833 87.3001 10.6738 87.2381 10.6753C86.1154 10.6753 85.2361 11.8069 84.5999 14.0701L86.7329 16.3988C87.2778 16.9599 87.7035 17.3901 88.0099 17.6894C88.3628 18.0318 88.7536 18.333 89.1746 18.5872C89.55 18.8386 89.9863 18.984 90.4375 19.008C90.9637 18.9994 91.4663 18.7884 91.8408 18.4188L91.9811 18.517ZM75.7031 14.8697C75.7031 16.2164 76.054 17.2358 76.7556 17.9278C77.1137 18.2794 77.54 18.554 78.0081 18.7349C78.4762 18.9159 78.9764 18.9992 79.478 18.98C79.9822 18.9993 80.4836 18.8958 80.9389 18.6783C81.3943 18.4608 81.7898 18.1358 82.0916 17.7315C80.2075 15.7581 78.4721 13.6482 76.8994 11.4188C76.1019 12.0524 75.7031 13.2027 75.7031 14.8697ZM78.4536 4.26453C78.4536 5.40547 79.23 7.09819 80.783 9.34268C81.8495 8.55711 82.3827 7.23847 82.3827 5.38677C82.428 4.56688 82.2433 3.75065 81.8495 3.03006C81.7125 2.77696 81.5099 2.56531 81.2631 2.41724C81.0162 2.26917 80.7341 2.19013 80.4462 2.18837C79.1178 2.18837 78.4536 2.88042 78.4536 4.26453Z" fill="black" />
              <path d="M103.411 10.9699C103.411 13.3991 103.458 15.4566 103.551 17.1423C103.607 18.2084 103.808 18.9753 104.155 19.4429C104.501 19.9105 105.113 20.2285 105.993 20.3968V20.7475C102.754 20.6189 99.5354 20.6189 96.3383 20.7475V20.3968C97.2153 20.2285 97.8328 19.9058 98.1906 19.4289C98.5485 18.9519 98.7543 18.1897 98.808 17.1423C98.8993 15.4589 98.946 13.4015 98.9484 10.9699C98.9484 8.44489 98.9016 5.62058 98.808 2.497H98.1345C97.3276 2.497 96.5651 2.9646 95.8471 3.8998C94.7186 5.47865 93.6921 7.12797 92.774 8.83768L92.4232 8.78157C92.6266 6.834 92.795 4.5334 92.9283 1.87976C93.789 1.89846 96.343 1.90782 100.59 1.90782H101.769C105.153 1.90782 107.698 1.89846 109.403 1.87976C109.55 4.89346 109.719 7.19406 109.908 8.78157L109.557 8.83768L108.322 6.66333C108.042 6.17585 107.684 5.61122 107.27 4.97996C106.95 4.48237 106.589 4.01306 106.189 3.57716C105.895 3.2805 105.565 3.02135 105.207 2.80561C104.893 2.60277 104.528 2.49108 104.155 2.48297H103.509C103.441 4.43988 103.408 7.26887 103.411 10.9699Z" fill="black" />
              <path d="M116.865 9.93186C117.18 8.60387 117.648 7.62658 118.268 7C118.584 6.68536 118.961 6.43943 119.376 6.27768C119.792 6.11593 120.236 6.04186 120.682 6.06012C121.057 6.04787 121.431 6.1097 121.783 6.24209C122.134 6.37447 122.456 6.57481 122.73 6.83166C122.992 7.07221 123.2 7.36526 123.34 7.69162C123.48 8.01798 123.55 8.37028 123.544 8.72545C123.559 9.06979 123.505 9.41365 123.385 9.73658C123.264 10.0595 123.08 10.3549 122.843 10.6052C122.617 10.8416 122.344 11.0285 122.042 11.1541C121.74 11.2797 121.416 11.3412 121.089 11.3347C120.794 11.3461 120.5 11.2973 120.225 11.1912C119.95 11.085 119.699 10.9238 119.489 10.7174C119.278 10.4975 119.112 10.2381 119.001 9.95405C118.89 9.67 118.837 9.36691 118.843 9.06212C118.843 8.98847 118.843 8.88326 118.843 8.7535C118.843 8.62374 118.861 8.51503 118.871 8.43086C118.878 8.34684 118.878 8.26237 118.871 8.17835C118.87 8.14258 118.86 8.10767 118.843 8.07613C118.826 8.0446 118.802 8.01722 118.773 7.99599C118.706 7.95537 118.627 7.93584 118.549 7.93988C118.286 7.93988 118.036 8.12575 117.805 8.501C117.496 9.09787 117.292 9.74312 117.201 10.4088C117.019 11.4837 116.934 12.5731 116.949 13.6633C116.949 15.0661 116.977 16.4315 117.033 17.7595C117.068 18.6398 117.216 19.25 117.468 19.5972C117.721 19.9444 118.247 20.2285 119.054 20.4529V20.7335C116.32 20.6399 113.607 20.6399 110.915 20.7335V20.4529C111.16 20.4035 111.392 20.3062 111.6 20.1666C111.807 20.0269 111.984 19.8477 112.122 19.6393C112.374 19.021 112.493 18.3567 112.472 17.6894C112.529 16.3988 112.557 15.0521 112.557 13.6493C112.557 12.3774 112.529 11.1242 112.472 9.88978C112.479 9.13666 112.36 8.3877 112.122 7.67334C112 7.41968 111.83 7.19248 111.62 7.00472C111.411 6.81697 111.166 6.67236 110.901 6.57915V6.31262C112.844 6.36873 114.8 6.36873 116.766 6.31262C116.914 6.31262 116.97 6.39679 116.935 6.56513C116.839 7.78323 116.792 8.90547 116.795 9.93186H116.865Z" fill="black" />
              <path d="M128.101 20.9859C127.081 21.0186 126.084 20.6796 125.295 20.032C124.537 19.3984 124.158 18.4913 124.158 17.3106C124.158 14.4886 126.778 12.9689 132.017 12.7515C132.017 10.9559 131.995 9.62673 131.96 8.76751C131.887 7.3086 131.22 6.57914 129.968 6.57914C129.423 6.56278 128.882 6.68336 128.396 6.92984C127.982 7.15429 127.779 7.40679 127.779 7.68735C127.779 7.96791 127.996 8.34667 128.4 8.76751C128.592 8.94765 128.746 9.16478 128.852 9.40586C128.958 9.64693 129.014 9.90696 129.017 10.1703C129.027 10.4418 128.977 10.7122 128.871 10.9621C128.764 11.2119 128.603 11.435 128.4 11.6152C127.964 11.9916 127.403 12.1918 126.828 12.1763C126.537 12.1885 126.246 12.1414 125.973 12.0377C125.7 11.934 125.452 11.7759 125.242 11.5731C125.032 11.357 124.868 11.0996 124.762 10.8171C124.655 10.5346 124.609 10.2332 124.625 9.93184C124.625 8.90546 125.209 8.00298 126.379 7.22443C127.548 6.44587 129.008 6.05776 130.757 6.0601C134.63 6.0601 136.567 7.64995 136.567 10.8296C136.567 10.9606 136.539 12.2886 136.482 14.8136C136.464 16.0644 136.492 17.2428 136.567 18.3487C136.602 19.0501 136.886 19.4008 137.409 19.4008C137.579 19.402 137.747 19.3618 137.899 19.2836C138.051 19.2054 138.181 19.0916 138.279 18.9519L138.503 19.0922C137.925 20.343 136.803 20.9696 135.135 20.9719C133.414 20.9719 132.432 20.2799 132.188 18.8958H132.132C131.482 20.2916 130.138 20.9883 128.101 20.9859ZM130.291 19.4148C131.095 19.4148 131.68 18.9659 132.045 18.0681V13.2144C130.906 13.343 130.087 13.6516 129.589 14.1403C129.084 14.6277 128.831 15.4764 128.831 16.6934C128.812 18.5077 129.299 19.4148 130.291 19.4148Z" fill="black" />
              <path d="M148.302 17.5912C147.722 19.8544 146.365 20.986 144.232 20.986C143.478 21 142.73 20.8433 142.044 20.5275C141.359 20.2117 140.754 19.745 140.275 19.1623C139.229 17.9466 138.705 16.1931 138.703 13.9018C138.703 11.4726 139.349 9.56012 140.64 8.16433C141.931 6.76854 143.685 6.06713 145.902 6.06012C146.75 6.01192 147.59 6.24897 148.288 6.73347C148.288 5.25701 148.287 4.1523 148.259 3.42285C148.274 2.70576 148.155 1.9922 147.909 1.31864C147.636 0.820482 147.185 0.444386 146.646 0.266533V0H152.652C152.803 0 152.876 0.0841683 152.876 0.252505C152.708 2.49699 152.624 6.06947 152.624 10.9699C152.624 13.5675 152.652 15.6249 152.708 17.1423C152.701 17.8954 152.82 18.6444 153.059 19.3587C153.18 19.6124 153.351 19.8396 153.56 20.0273C153.77 20.2151 154.014 20.3597 154.279 20.4529V20.7335C152.299 20.6774 150.334 20.6774 148.386 20.7335C148.255 20.7335 148.199 20.6493 148.217 20.481C148.311 19.4522 148.358 18.489 148.358 17.5912H148.302ZM143.446 13.2425C143.446 17.4509 144.251 19.5551 145.86 19.5551C146.561 19.5551 147.137 19.1717 147.586 18.4048C148.035 17.6379 148.255 16.4502 148.245 14.8417V11.3347C148.245 9.6513 148.035 8.43086 147.614 7.67335C147.193 6.91583 146.655 6.53707 146 6.53707C144.3 6.53707 143.449 8.77221 143.446 13.2425V13.2425Z" fill="black" />
              <path d="M167.902 15.6553C167.771 17.1141 167.13 18.4801 166.092 19.513C165.069 20.5044 163.666 21 161.882 21C159.615 21 157.88 20.3594 156.676 19.0782C155.471 17.7969 154.868 15.9686 154.865 13.5932C154.865 11.4048 155.464 9.60456 156.662 8.1924C157.859 6.78025 159.524 6.07884 161.657 6.0882C163.622 6.0882 165.17 6.68673 166.302 7.88379C167.434 9.08085 168 10.7175 168 12.7936V13.2986H159.58V13.6493C159.58 15.9499 159.894 17.5772 160.521 18.5311C161.147 19.485 162.106 19.9619 163.397 19.9619C163.889 19.9564 164.375 19.8473 164.822 19.6419C165.269 19.4365 165.668 19.1392 165.993 18.7696C166.77 17.9171 167.261 16.8428 167.397 15.6974L167.902 15.6553ZM161.671 6.53709C160.343 6.53709 159.651 8.60389 159.594 12.7375H163.552C163.531 10.5889 163.381 9.01772 163.103 8.02407C162.824 7.03041 162.347 6.53476 161.671 6.53709Z" fill="black" />
            </svg>
          </div>

        </footer>
      </div>

    </div>

  </div>

  <script type="text/javascript" src="https://code.jquery.com/jquery-1.9.1.js"></script>
  <script src="jquery.onepage-scroll.js"></script>
  <script>
    $(document).ready(function() {
      $('.container').onepage_scroll();
    })
  </script>
</body>

</html>
